-1652585 -214432
-1652462 -214142
-1652569 -214594
-1652569 -214594
-1652701 -214514
-1652671 -214439
-1652540 -214299
-1652499 -214226
-1652462 -214142

-1645595 -735517
-1645549 -735304
-1645444 -735416
-1645444 -735416
-1645405 -735583
-1645405 -735583
-1645470 -735638
-1645569 -735704
-1645644 -735714
-1645692 -735701
-1645718 -735642
-1645793 -735496
-1645786 -735467
-1645691 -735379
-1645604 -735320
-1645549 -735304

-1772716 -722878
-1772944 -722667
-1772896 -722680
-1772809 -722621
-1772496 -722635
-1772496 -722635
-1772509 -722851
-1772532 -723063
-1772542 -723102
-1772542 -723102
-1772819 -723181
-1772819 -723181
-1772862 -723148
-1772911 -722978
-1772944 -722667

-1744464 -1030881
-1744521 -1030850
-1744387 -1030889
-1744387 -1030889
-1744483 -1030904
-1744521 -1030850

-1745457 -1047069
-1745720 -1046986
-1745384 -1047078
-1745384 -1047078
-1745270 -1047119
-1745270 -1047119
-1745381 -1047109
-1745381 -1047109
-1745720 -1046986

-1733557 -1050544
-1733834 -1050444
-1733473 -1050562
-1733473 -1050562
-1733357 -1050593
-1733357 -1050593
-1733480 -1050591
-1733480 -1050591
-1733834 -1050444

-1731464 -1051292
-1731475 -1051289
-1731423 -1051158
-1731423 -1051158
-1731456 -1051294
-1731456 -1051294
-1731499 -1051428
-1731499 -1051428
-1731475 -1051289

-1721525 -1054037
-1722078 -1053893
-1721876 -1053906
-1721876 -1053906
-1720622 -1054317
-1720622 -1054317
-1721895 -1053942
-1721895 -1053942
-1722078 -1053893

-1789498 -1129517
-1789030 -1127726
-1790414 -1133105
-1790414 -1133105
-1789049 -1127721
-1789030 -1127726

-1762834 -1138200
-1762128 -1135381
-1762108 -1135386
-1763470 -1140758
-1763470 -1140758
-1763496 -1140750
-1762128 -1135381

-1748139 -998860
-1748114 -998707
-1747966 -998229
-1747966 -998229
-1748095 -998712
-1748095 -998712
-1748333 -999644
-1748333 -999644
-1748114 -998707

-1699770 -580551
-1702119 -579285
-1698232 -580476
-1698232 -580476
-1698278 -580651
-1698278 -580651
-1698298 -580687
-1698391 -580807
-1698493 -580883
-1698515 -580970
-1698518 -581137
-1698495 -581206
-1698495 -581206
-1698546 -581244
-1698785 -581374
-1698855 -581407
-1698961 -581419
-1699111 -581366
-1699181 -581357
-1699220 -581388
-1699220 -581388
-1699340 -581417
-1699979 -581425
-1699979 -581425
-1700065 -581401
-1700195 -581270
-1700242 -581215
-1700283 -581057
-1700321 -581005
-1700428 -580944
-1700444 -580887
-1700447 -580782
-1700434 -580691
-1700534 -580173
-1700593 -580041
-1700616 -580014
-1700688 -580014
-1701068 -580054
-1701207 -580036
-1701240 -580005
-1701240 -580005
-1701242 -579775
-1701286 -579669
-1701335 -579624
-1701393 -579607
-1701454 -579726
-1701438 -579782
-1701438 -579782
-1701634 -579707
-1701904 -579641
-1701904 -579641
-1702070 -579333
-1702119 -579285

-1689273 -633034
-1690710 -632602
-1689954 -632814
-1689954 -632814
-1687152 -633682
-1687152 -633682
-1689969 -632831
-1689969 -632831
-1690710 -632602

-1637075 -714469
-1638613 -714555
-1638417 -714434
-1638381 -714371
-1638368 -714240
-1638292 -714146
-1637933 -713902
-1637831 -713785
-1637772 -713676
-1637708 -713507
-1637668 -713351
-1637635 -713101
-1637625 -713062
-1637569 -713004
-1637528 -712964
-1637420 -712983
-1637201 -713210
-1637070 -713340
-1637064 -713394
-1637290 -713675
-1637350 -713710
-1637401 -713790
-1637475 -713998
-1637538 -714126
-1637575 -714428
-1637550 -714653
-1637487 -714765
-1637429 -714781
-1637268 -714711
-1637227 -714712
-1637098 -714769
-1637038 -714775
-1636938 -714667
-1636916 -714580
-1636908 -714467
-1636898 -714429
-1636842 -714413
-1636579 -714507
-1636462 -714529
-1636462 -714529
-1636292 -714867
-1636271 -714987
-1636253 -715076
-1636182 -715158
-1636124 -715174
-1635771 -715157
-1635608 -715119
-1635427 -715055
-1635367 -715061
-1635269 -715119
-1635239 -715201
-1635096 -715324
-1634976 -715378
-1634926 -715423
-1634877 -715509
-1634861 -715649
-1634861 -715649
-1638613 -714555

-1875803 -650870
-1875708 -650607
-1875860 -651244
-1875860 -651244
-1875868 -651189
-1875869 -651074
-1875835 -650822
-1875800 -650685
-1875788 -650637
-1875773 -650620
-1875739 -650608
-1875708 -650607

-1907648 -654032
-1907653 -653976
-1907588 -653963
-1907588 -653963
-1907651 -654050
-1907704 -654192
-1907704 -654192
-1907653 -653976

-1855646 -681257
-1855285 -681442
-1856283 -681177
-1856283 -681177
-1856208 -681161
-1856100 -681181
-1856028 -681181
-1855812 -681179
-1855663 -681158
-1855555 -681136
-1855483 -681136
-1855445 -681146
-1855416 -681155
-1855383 -681185
-1855345 -681237
-1855325 -681358
-1855285 -681442

-1870613 -677443
-1870826 -677334
-1870336 -677464
-1870336 -677464
-1870371 -677483
-1870403 -677484
-1870504 -677518
-1870557 -677524
-1870664 -677505
-1870722 -677488
-1870765 -677455
-1870809 -677390
-1870826 -677334

-1884241 -673784
-1884109 -673827
-1884377 -673755
-1884377 -673755
-1884237 -673768
-1884109 -673827

-1914400 -682048
-1914343 -681892
-1914420 -682195
-1914420 -682195
-1914429 -682150
-1914424 -682131
-1914443 -682084
-1914438 -682064
-1914421 -682037
-1914377 -681945
-1914343 -681892

-1927997 -691377
-1927888 -691443
-1928214 -691355
-1928214 -691355
-1928057 -691342
-1927983 -691332
-1927923 -691339
-1927904 -691344
-1927887 -691359
-1927878 -691404
-1927888 -691443

-1939183 -710214
-1939839 -709364
-1939765 -709396
-1939712 -709390
-1939611 -709355
-1939558 -709349
-1939527 -709348
-1939475 -709383
-1939361 -709541
-1939292 -709592
-1939206 -709658
-1939137 -709709
-1939080 -709725
-1939021 -709773
-1939014 -709827
-1939026 -709876
-1939092 -709973
-1939092 -710015
-1939081 -710049
-1938778 -710187
-1938723 -710213
-1938601 -710258
-1938407 -710302
-1938357 -710306
-1938302 -710290
-1938246 -710275
-1938229 -710248
-1938222 -710219
-1938217 -710199
-1938276 -710068
-1938294 -710020
-1938277 -709994
-1938263 -709977
-1938229 -709966
-1938172 -709982
-1937997 -710063
-1937926 -710104
-1937814 -710188
-1937814 -710188
-1937844 -710263
-1937892 -710333
-1937941 -710403
-1937948 -710432
-1937944 -710454
-1937921 -710565
-1937919 -710597
-1938013 -710644
-1938054 -710685
-1938078 -710699
-1938103 -710755
-1938106 -710806
-1938103 -710838
-1938085 -710885
-1938071 -710910
-1938030 -710953
-1937961 -711003
-1937961 -711003
-1939209 -710672
-1939209 -710672
-1939261 -710553
-1939294 -710522
-1939518 -710595
-1939518 -710595
-1940489 -710342
-1940489 -710342
-1940425 -710255
-1940408 -710228
-1940394 -710212
-1940369 -710156
-1940338 -710112
-1940233 -709985
-1940049 -709744
-1939993 -709645
-1939963 -709611
-1939929 -709558
-1939914 -709500
-1939885 -709424
-1939861 -709410
-1939839 -709364

-1841658 -764066
-1842177 -763631
-1842100 -763611
-1842031 -763578
-1841980 -763540
-1841958 -763535
-1841861 -763636
-1841787 -763667
-1841724 -763664
-1841693 -763662
-1841611 -763622
-1841560 -763584
-1841479 -763544
-1841416 -763541
-1841356 -763547
-1841260 -763574
-1841234 -763592
-1841145 -763606
-1841098 -763620
-1841074 -763647
-1840988 -763713
-1840943 -763736
-1840854 -763750
-1840825 -763758
-1840799 -763776
-1840753 -763799
-1840710 -763832
-1840699 -763867
-1840682 -763882
-1840627 -763908
-1840618 -763952
-1840637 -763988
-1840654 -764015
-1840655 -764057
-1840640 -764082
-1840593 -764137
-1840588 -764159
-1840601 -764207
-1840644 -764216
-1840723 -764205
-1840800 -764225
-1840829 -764217
-1840893 -764188
-1840934 -764187
-1840961 -764211
-1841087 -764186
-1841145 -764170
-1841224 -764158
-1841272 -764145
-1841349 -764123
-1841377 -764115
-1841430 -764080
-1841466 -764059
-1841545 -764048
-1841586 -764047
-1841629 -764056
-1841667 -764086
-1841696 -764120
-1841728 -764163
-1841767 -764194
-1841810 -764245
-1841842 -764288
-1841852 -764327
-1841866 -764344
-1841890 -764358
-1841996 -764370
-1842030 -764382
-1842059 -764415
-1842047 -764492
-1841989 -764665
-1841975 -764731
-1841982 -764760
-1842053 -764876
-1842122 -764826
-1842148 -764808
-1842319 -764833
-1842350 -764835
-1842371 -764839
-1842388 -764866
-1842374 -764891
-1842377 -764942
-1842387 -764981
-1842437 -765019
-1842462 -765033
-1842479 -765060
-1842476 -765092
-1842543 -765241
-1842543 -765241
-1842177 -763631

-1915958 -247285
-1915586 -245883
-1915651 -246232
-1915651 -246232
-1916638 -249742
-1916638 -249742
-1915682 -246234
-1915682 -246234
-1915586 -245883

-1592171 -401660
-1598064 -403579
-1598473 -403420
-1598522 -403333
-1598669 -403229
-1598847 -403168
-1599079 -402768
-1599338 -402506
-1599415 -402296
-1599420 -401971
-1599403 -401830
-1599583 -401162
-1599579 -401070
-1599705 -400773
-1599505 -400756
-1599510 -400661
-1599513 -400556
-1599471 -400515
-1599392 -400527
-1598605 -400887
-1598295 -400954
-1598122 -400961
-1597932 -400942
-1597557 -400809
-1597340 -400724
-1597239 -400732
-1597225 -400757
-1597228 -400881
-1597375 -401163
-1597364 -401313
-1597195 -401486
-1596993 -401575
-1596940 -401684
-1596985 -401890
-1596960 -401991
-1596940 -402028
-1596717 -402081
-1596541 -402037
-1596013 -401905
-1595610 -401895
-1595427 -401905
-1595290 -401891
-1595155 -401846
-1594993 -401777
-1594379 -401482
-1594286 -401477
-1593927 -401516
-1593668 -401433
-1593212 -401417
-1592906 -401503
-1592606 -401610
-1592480 -401562
-1591949 -401305
-1591556 -401219
-1591193 -401165
-1590966 -401010
-1590839 -400879
-1590658 -400513
-1590540 -400453
-1589866 -400279
-1589587 -400233
-1589393 -400121
-1589170 -399944
-1589055 -399820
-1588858 -399698
-1588686 -399632
-1588170 -399622
-1587971 -399532
-1587679 -399438
-1587497 -399448
-1586954 -399414
-1586930 -399442
-1586898 -399514
-1586851 -399642
-1586939 -399742
-1587388 -400074
-1587522 -400193
-1587901 -400534
-1587978 -400669
-1587951 -400718
-1587884 -400737
-1587751 -400702
-1587354 -400408
-1587119 -400182
-1586906 -400002
-1586766 -399823
-1586576 -399501
-1586458 -399367
-1586326 -399102
-1586408 -399026
-1586633 -398983
-1586811 -398922
-1586870 -398833
-1586806 -398673
-1586634 -398607
-1586365 -398600
-1585593 -398631
-1585488 -398734
-1585403 -398842
-1585352 -398919
-1585350 -399024
-1585438 -399124
-1585507 -399188
-1585618 -399334
-1585619 -399376
-1585598 -399528
-1585612 -399618
-1585580 -399805
-1585812 -400250
-1586195 -400643
-1586437 -401086
-1587401 -401846
-1587611 -402016
-1587829 -402256
-1587905 -402423
-1587980 -402590
-1588106 -402637
-1588795 -402870
-1589262 -403155
-1589419 -403319
-1589585 -403481
-1589759 -403515
-1590029 -403490
-1590262 -403476
-1590278 -403461
-1590257 -403342
-1590185 -403227
-1590247 -403230
-1590713 -403244
-1591122 -403201
-1591391 -403281
-1591729 -403394
-1591967 -403399
-1592857 -403272
-1593392 -403391
-1593729 -403536
-1594011 -403592
-1594037 -403574
-1594046 -403456
-1593994 -403377
-1593490 -403144
-1593342 -403051
-1593069 -402992
-1592073 -402993
-1591945 -402936
-1591764 -402799
-1591630 -402795
-1591319 -402821
-1590815 -402745
-1589590 -402351
-1589492 -402254
-1589397 -402051
-1589437 -402009
-1589516 -401997
-1589839 -402051
-1590071 -402152
-1590594 -402150
-1590602 -402179
-1590535 -402313
-1590570 -402366
-1590661 -402361
-1591236 -402208
-1591466 -402184
-1591866 -402258
-1591968 -402292
-1592279 -402381
-1593061 -402577
-1593245 -402577
-1593429 -402608
-1593691 -402628
-1594100 -402699
-1594356 -402773
-1594532 -402817
-1595237 -402993
-1596048 -403107
-1596567 -403283
-1596640 -403325
-1596931 -403451
-1596983 -403531
-1597122 -403512
-1597243 -403467
-1597361 -403486
-1597374 -403534
-1597385 -403573
-1597471 -403590
-1597656 -403590
-1597784 -403606
-1598064 -403579

-1699798 -389166
-1699937 -389264
-1699891 -389130
-1699758 -389095
-1699660 -389113
-1699633 -389204
-1699633 -389204
-1699755 -389159
-1699823 -389181
-1699867 -389232
-1699881 -389282
-1699881 -389282
-1699937 -389264

-1650009 -405335
-1650148 -405277
-1649976 -405326
-1649976 -405326
-1649883 -405363
-1649883 -405363
-1649998 -405372
-1649998 -405372
-1650148 -405277

-1636360 -409734
-1636481 -409661
-1636282 -409723
-1636282 -409723
-1636269 -409790
-1636380 -409779
-1636481 -409661

-1609828 -418182
-1610093 -418121
-1609921 -418133
-1609689 -418188
-1609648 -418263
-1609648 -418263
-1610093 -418121

-1603117 -420367
-1603217 -420328
-1603016 -420385
-1603016 -420385
-1603119 -420387
-1603217 -420328

-1693508 -399714
-1693545 -399783
-1693540 -399649
-1693470 -399658
-1693454 -399673
-1693507 -399794
-1693545 -399783

-1650819 -433137
-1650027 -432141
-1649896 -432188
-1649896 -432188
-1649976 -432218
-1649998 -432264
-1650090 -432301
-1650139 -432329
-1650121 -432376
-1650042 -432544
-1650051 -432615
-1650124 -432657
-1650636 -432961
-1650751 -433043
-1650813 -433046
-1650856 -433055
-1651364 -432994
-1651400 -433015
-1651392 -433060
-1651291 -433067
-1651164 -433093
-1651094 -433175
-1651053 -433292
-1650951 -433331
-1650921 -433298
-1650800 -433228
-1650725 -433217
-1650721 -433240
-1650729 -433425
-1650779 -433651
-1650760 -433657
-1650705 -433641
-1650674 -433566
-1650600 -433441
-1650533 -433345
-1650474 -433278
-1650474 -433278
-1650472 -433383
-1650547 -433550
-1650632 -433714
-1650782 -433891
-1650805 -433979
-1650868 -434023
-1650899 -433983
-1650964 -433536
-1651005 -433535
-1651266 -433628
-1651602 -433773
-1651616 -433748
-1651606 -433709
-1651547 -433642
-1651193 -433471
-1651197 -433407
-1651258 -433327
-1651334 -433306
-1651326 -433277
-1651293 -433192
-1651336 -433159
-1651561 -433116
-1651661 -433108
-1651673 -433074
-1651597 -433022
-1651522 -432970
-1651252 -432921
-1650622 -432829
-1650359 -432653
-1650326 -432568
-1650362 -432432
-1650390 -432383
-1650370 -432347
-1650168 -432205
-1650074 -432201
-1650027 -432141

-1623000 -444212
-1627512 -439357
-1620879 -441478
-1620879 -441478
-1620875 -441541
-1620802 -441614
-1620718 -441722
-1620713 -441859
-1620686 -441950
-1620669 -442038
-1620709 -442267
-1620718 -442453
-1620900 -442714
-1620956 -442845
-1620974 -443028
-1621050 -443236
-1620994 -443450
-1620989 -443587
-1620974 -443685
-1620941 -443716
-1620901 -443873
-1620901 -443873
-1620879 -443984
-1620926 -444044
-1620951 -444099
-1620786 -444135
-1620678 -444229
-1620547 -444276
-1620547 -444276
-1620473 -444308
-1620445 -444357
-1620516 -444546
-1620510 -444642
-1620360 -444810
-1620236 -444960
-1620213 -445144
-1620233 -445180
-1620310 -445200
-1620401 -445310
-1620400 -445383
-1620262 -445558
-1620043 -445933
-1620043 -445933
-1619949 -446043
-1619949 -446043
-1619878 -446084
-1619475 -446188
-1619123 -446372
-1619123 -446372
-1619060 -446442
-1618411 -446667
-1618323 -446567
-1618275 -446580
-1617965 -446689
-1618063 -447058
-1618148 -447337
-1618197 -447521
-1618326 -447621
-1618956 -447442
-1619201 -448166
-1619289 -448496
-1619126 -448929
-1619072 -449070
-1619077 -449089
-1619394 -449009
-1619709 -448920
-1619769 -448914
-1619903 -449377
-1619982 -449636
-1619982 -449636
-1620082 -449472
-1620167 -449365
-1620844 -448745
-1621376 -448469
-1621988 -448337
-1622268 -448310
-1622612 -448328
-1622612 -448328
-1622496 -448204
-1622371 -448156
-1622281 -448087
-1622302 -447935
-1622499 -447827
-1622593 -447717
-1622734 -447050
-1622822 -447036
-1622951 -446978
-1622985 -446916
-1622957 -446810
-1622961 -446673
-1622889 -446516
-1622912 -446447
-1623050 -446428
-1623137 -446445
-1623274 -446459
-1623403 -446401
-1623463 -446280
-1623478 -445952
-1623501 -445768
-1623661 -445597
-1623745 -445490
-1623944 -445078
-1623949 -444983
-1623932 -444842
-1623970 -444716
-1624026 -444616
-1624026 -444616
-1624032 -444563
-1624088 -444348
-1624075 -444300
-1624042 -444215
-1623961 -444102
-1623986 -443928
-1624045 -443880
-1624152 -443933
-1624236 -444056
-1624354 -444189
-1624452 -444287
-1624531 -444317
-1624571 -444274
-1624370 -444018
-1624347 -443972
-1624361 -443947
-1624585 -443978
-1624732 -444145
-1624963 -444163
-1625042 -444193
-1625122 -444107
-1625164 -444033
-1625318 -444031
-1625369 -444069
-1625367 -444101
-1625318 -444146
-1625237 -444190
-1625200 -444284
-1625247 -444343
-1625338 -444338
-1625394 -444354
-1625240 -444586
-1625225 -444684
-1625254 -444717
-1625355 -444866
-1625472 -444917
-1625543 -444991
-1625556 -445081
-1625503 -445305
-1625520 -445446
-1625452 -445497
-1625388 -445567
-1625360 -445732
-1625335 -445791
-1625236 -445882
-1625148 -445938
-1624920 -445930
-1624838 -445890
-1624786 -445811
-1624785 -445769
-1624775 -445731
-1624775 -445731
-1624742 -445761
-1624639 -445800
-1624523 -445865
-1624363 -446035
-1624194 -446250
-1624167 -446341
-1624132 -446748
-1624084 -446877
-1623957 -447017
-1623852 -447047
-1623845 -446944
-1623807 -446610
-1623797 -446571
-1623673 -446492
-1623580 -446487
-1623459 -446573
-1623414 -446753
-1623466 -446947
-1623461 -447043
-1623335 -447151
-1623315 -447230
-1623371 -447361
-1623370 -447476
-1623370 -447476
-1623456 -447566
-1623465 -447793
-1623470 -447928
-1623520 -447997
-1623635 -448006
-1623725 -447960
-1623939 -447722
-1624011 -447451
-1624273 -447084
-1624675 -446782
-1624816 -446659
-1625040 -446303
-1625124 -446195
-1625238 -446121
-1625339 -446114
-1625398 -446181
-1625434 -446316
-1625474 -446389
-1625546 -446389
-1625546 -446389
-1625589 -446283
-1625824 -446007
-1625902 -445839
-1625968 -445664
-1626041 -445591
-1626041 -445591
-1626007 -445423
-1625947 -445315
-1625947 -445315
-1625751 -445349
-1625710 -445309
-1625693 -445209
-1625732 -445083
-1625804 -444624
-1625790 -444492
-1625760 -444459
-1625703 -444475
-1625654 -444521
-1625587 -444540
-1625538 -444512
-1625519 -444402
-1625592 -444173
-1625899 -444054
-1625927 -444004
-1625916 -443966
-1625857 -443857
-1625787 -443866
-1625688 -443842
-1625711 -443658
-1625705 -443597
-1625668 -443535
-1625523 -443492
-1625455 -443428
-1625425 -443353
-1625377 -443252
-1625377 -443252
-1625357 -443216
-1625372 -443117
-1625441 -443067
-1625628 -442961
-1625619 -442849
-1625547 -442619
-1625485 -442501
-1625390 -442454
-1625364 -442472
-1625258 -442575
-1625193 -442562
-1625171 -442517
-1625189 -442470
-1625224 -442407
-1625287 -442337
-1625287 -442296
-1625196 -442186
-1625056 -442163
-1624973 -442197
-1624828 -442384
-1624841 -442474
-1624917 -442682
-1624914 -442746
-1624977 -442791
-1625137 -442892
-1625183 -443025
-1625252 -443245
-1625289 -443266
-1625377 -443252
-1625377 -443252
-1625520 -443211
-1625562 -443252
-1625570 -443322
-1625601 -443397
-1625675 -443407
-1625760 -443185
-1625898 -443125
-1625898 -443125
-1625901 -443020
-1625794 -442580
-1625718 -442413
-1625669 -442229
-1625708 -442145
-1625809 -442137
-1625923 -442220
-1626061 -442389
-1626264 -442958
-1626292 -443180
-1626269 -443323
-1626230 -443407
-1626230 -443407
-1626304 -443647
-1626337 -443732
-1626337 -443732
-1626399 -443735
-1626473 -443933
-1626546 -444017
-1626739 -444046
-1626739 -444046
-1626738 -443774
-1626751 -443666
-1626800 -443621
-1626863 -443509
-1626896 -443479
-1627016 -443508
-1627125 -443644
-1627079 -443782
-1627142 -443942
-1627142 -443942
-1627434 -443535
-1627549 -443231
-1627539 -443004
-1627541 -442857
-1627409 -442362
-1627268 -441253
-1627272 -441075
-1627237 -440751
-1627229 -440607
-1627234 -440511
-1627210 -440226
-1627217 -440098
-1627219 -439951
-1627284 -439735
-1627512 -439357

-1593678 -465173
-1593713 -465253
-1593774 -465215
-1593719 -465085
-1593640 -465096
-1593579 -465135
-1593643 -465263
-1593713 -465253

-1807718 -449211
-1807674 -448964
-1807670 -449102
-1807670 -449102
-1807816 -449573
-1807816 -449573
-1807709 -449132
-1807709 -449132
-1807674 -448964

-1809668 -457216
-1809583 -456852
-1809627 -457132
-1809627 -457132
-1809788 -457663
-1809788 -457663
-1809661 -457144
-1809661 -457144
-1809583 -456852

-1774131 -471113
-1774105 -470957
-1773998 -470516
-1773998 -470516
-1774066 -470968
-1774066 -470968
-1774332 -471855
-1774332 -471855
-1774105 -470957

-1782363 -488635
-1782470 -488766
-1782382 -488508
-1782317 -488496
-1782271 -488519
-1782290 -488629
-1782345 -488759
-1782470 -488766

-1846452 -475201
-1846311 -474556
-1846269 -474475
-1846269 -474475
-1846292 -474561
-1846292 -474561
-1846773 -476572
-1846773 -476572
-1846311 -474556

-1817056 -487671
-1816991 -487353
-1816264 -484408
-1816264 -484408
-1816982 -487398
-1816982 -487398
-1817906 -491208
-1817906 -491208
-1817001 -487392
-1817001 -487392
-1816991 -487353

-1788754 -494775
-1788583 -494814
-1788526 -494827
-1788526 -494827
-1788588 -494833
-1788588 -494833
-1789149 -494663
-1789149 -494663
-1788583 -494814

-1817352 -487308
-1817163 -487346
-1817001 -487392
-1817001 -487392
-1817171 -487375
-1817171 -487375
-1817884 -487161
-1817884 -487161
-1817163 -487346

-1848042 -479239
-1848703 -479060
-1847452 -479353
-1847452 -479353
-1847462 -479414
-1847462 -479414
-1848720 -479086
-1848720 -479086
-1848873 -479042
-1848873 -479042
-1848703 -479060

-1850697 -478570
-1850724 -478556
-1850206 -478693
-1850206 -478693
-1850720 -478578
-1850720 -478578
-1851165 -478440
-1851165 -478440
-1850724 -478556

-1863304 -475193
-1863363 -475059
-1863255 -475153
-1863170 -475297
-1863170 -475297
-1863400 -475237
-1863400 -475237
-1863363 -475059

-1850572 -492309
-1850530 -492117
-1850550 -492269
-1850550 -492269
-1850631 -492539
-1850631 -492539
-1850574 -492283
-1850574 -492283
-1850530 -492117

-1784439 -513785
-1784461 -513827
-1784072 -512191
-1784072 -512191
-1784423 -513838
-1784423 -513838
-1784825 -515325
-1784825 -515325
-1784461 -513827

-1851809 -497430
-1852005 -498213
-1851353 -495507
-1851353 -495507
-1851985 -498218
-1851985 -498218
-1852088 -498566
-1852088 -498566
-1852005 -498213

-1852455 -500047
-1852506 -500154
-1852217 -499095
-1852217 -499095
-1852468 -500165
-1852468 -500165
-1852648 -500889
-1852648 -500889
-1852506 -500154

-1854009 -506566
-1853995 -506466
-1853713 -505321
-1853713 -505321
-1853978 -506481
-1853978 -506481
-1854331 -507900
-1854331 -507900
-1853995 -506466

-1831360 -523618
-1831357 -523848
-1831461 -523776
-1831425 -523598
-1831361 -523396
-1831254 -523458
-1831357 -523848

-1858150 -523788
-1857792 -522269
-1857964 -523079
-1857964 -523079
-1858052 -523337
-1858052 -523337
-1858208 -524162
-1858208 -524162
-1858447 -524995
-1858447 -524995
-1858246 -524151
-1858246 -524151
-1858074 -523341
-1858074 -523341
-1857988 -523093
-1857988 -523093
-1857792 -522269

-1858580 -525282
-1858447 -524995
-1858599 -525632
-1858599 -525632
-1858685 -525356
-1858669 -525256
-1858595 -525089
-1858447 -524995

-1792735 -546785
-1792433 -547030
-1792579 -547637
-1792579 -547637
-1792636 -547453
-1792876 -547113
-1792979 -546959
-1793079 -546752
-1793111 -546524
-1793017 -546362
-1792824 -546249
-1792569 -546217
-1792531 -546269
-1792492 -546511
-1792492 -546783
-1792456 -546960
-1792433 -547030

-1389218 -1143442
-1389208 -1143180
-1388966 -1143448
-1389223 -1143710
-1389472 -1143429
-1389208 -1143180

-1310214 -1189263
-1310339 -1189143
-1310054 -1189278
-1310054 -1189278
-1310118 -1189374
-1310347 -1189264
-1310339 -1189143

-1394042 -1227083
-1393975 -1227487
-1394033 -1227473
-1394099 -1227404
-1394128 -1227223
-1394238 -1227082
-1394404 -1226834
-1394414 -1226790
-1394420 -1226727
-1394406 -1226711
-1394368 -1226679
-1394267 -1226685
-1394226 -1226685
-1394124 -1226773
-1393993 -1226868
-1393847 -1226988
-1393745 -1227075
-1393712 -1227238
-1393721 -1227318
-1393768 -1227387
-1393842 -1227440
-1393923 -1227481
-1393975 -1227487

-1650925 -1218870
-1650900 -1218722
-1650812 -1218353
-1650812 -1218353
-1650880 -1218727
-1650880 -1218727
-1651080 -1219531
-1651080 -1219531
-1650900 -1218722

-1987553 -500942
-1987518 -500764
-1987490 -500772
-1987649 -501291
-1987649 -501291
-1987518 -500764

-1925099 -530280
-1925127 -530153
-1925063 -530182
-1925032 -530180
-1925018 -530205
-1924994 -530233
-1924999 -530252
-1925007 -530281
-1925048 -530322
-1925102 -530370
-1925177 -530422
-1925201 -530436
-1925201 -530436
-1925127 -530153

-1996180 -533769
-1992189 -518546
-1992219 -518726
-1992258 -518872
-1992704 -520571
-1992755 -520766
-1992957 -521537
-1993080 -522005
-1993206 -522484
-1993413 -523274
-1993503 -523616
-1993597 -523977
-1993774 -524650
-1993774 -524650
-1994585 -527702
-1994767 -528437
-1994928 -529010
-1995115 -529765
-1995206 -530074
-1995458 -531072
-1995506 -531216
-1995632 -531736
-1995652 -531772
-1995657 -531792
-1995655 -531824
-1995724 -532087
-1996107 -533552
-1996202 -533913
-1996695 -535796
-1996780 -536118
-1996905 -536597
-1997135 -537475
-1997150 -537492
-1997150 -537534
-1997173 -537622
-1997314 -538158
-1997539 -539017
-1997682 -539564
-1997702 -539600
-1997705 -539652
-1997958 -540618
-1998037 -540921
-1998121 -541243
-1998151 -541318
-1998147 -541340
-1998157 -541379
-1998165 -541409
-1998180 -541467
-1998292 -541897
-1998336 -542063
-1998686 -543400
-1998821 -543917
-1998887 -544171
-1998936 -544356
-1999334 -545879
-1999398 -546123
-1999477 -546426
-1999633 -547021
-1999669 -547158
-1999701 -547191
-1999701 -547191
-1999557 -546655
-1999358 -545851
-1997120 -537301
-1996989 -536762
-1996690 -535620
-1996616 -535336
-1995617 -531562
-1994135 -525911
-1993818 -524701
-1993650 -524098
-1992554 -519921
-1992371 -519186
-1992189 -518546

-1930940 -542302
-1930841 -542369
-1931032 -542315
-1931032 -542315
-1931002 -542281
-1930946 -542223
-1930841 -542369

-1930018 -542595
-1930082 -542565
-1929665 -542694
-1929665 -542694
-1930087 -542584
-1930087 -542584
-1930306 -542521
-1930306 -542521
-1930082 -542565

-2000755 -551286
-1999701 -547191
-1999712 -547324
-1999732 -547402
-1999745 -547451
-1999857 -547880
-2000008 -548456
-2000059 -548651
-2000115 -548866
-2000222 -549276
-2000378 -549871
-2000574 -550623
-2000837 -551628
-2001309 -553434
-2001689 -554889
-2001268 -555004
-2001268 -555004
-2001408 -554990
-2001542 -554952
-2001668 -554926
-2001723 -554900
-2000044 -548477
-1999701 -547191

-1916395 -575086
-1916382 -575050
-1916396 -575121
-1916396 -575121
-1916408 -575086
-1916382 -575050

-1958086 -567066
-1957976 -566874
-1957916 -566881
-1957916 -566881
-1957913 -566945
-1957784 -567003
-1957767 -566976
-1957759 -566947
-1957745 -566930
-1957628 -566995
-1957524 -567067
-1957465 -567115
-1957441 -567143
-1957380 -567181
-1957363 -567196
-1957359 -567219
-1957364 -567238
-1957347 -567253
-1957314 -567284
-1957292 -567279
-1957274 -567327
-1957246 -567377
-1957250 -567471
-1957250 -567471
-1957324 -567438
-1957724 -567324
-1958452 -567126
-1958910 -566996
-1959075 -566959
-1959075 -566959
-1959036 -566928
-1958968 -566905
-1958865 -566862
-1958848 -566835
-1958797 -566839
-1958797 -566839
-1958675 -566801
-1958622 -566795
-1958559 -566792
-1958322 -566786
-1958255 -566805
-1958255 -566805
-1958148 -566825
-1958119 -566834
-1958046 -566865
-1958007 -566876
-1957976 -566874

-1920426 -577652
-1922004 -577201
-1920531 -577610
-1920426 -577640
-1920083 -577737
-1919032 -578033
-1919032 -578033
-1919563 -577906
-1920030 -577773
-1920625 -577614
-1922004 -577201

-1922935 -576956
-1923412 -576820
-1922080 -577179
-1922080 -577179
-1923312 -576870
-1923412 -576820

-1974334 -562664
-1984173 -559869
-1973616 -562854
-1972574 -563142
-1972173 -563256
-1971124 -563557
-1970590 -563709
-1968679 -564245
-1968412 -564321
-1968155 -564395
-1967172 -564676
-1966969 -564724
-1966111 -564969
-1963411 -565742
-1963411 -565742
-1970283 -563829
-1970445 -563782
-1971809 -563392
-1972765 -563129
-1974015 -562772
-1975064 -562471
-1978119 -561608
-1979234 -561289
-1979463 -561223
-1980505 -560935
-1980839 -560840
-1981049 -560780
-1982518 -560359
-1982680 -560313
-1984056 -559930
-1984173 -559869

-1984315 -559837
-1984488 -559779
-1984173 -559869
-1984173 -559869
-1984285 -559864
-1984488 -559779

-1987671 -558887
-1984488 -559779
-1985353 -559558
-1993173 -557321
-1993173 -557321
-1984488 -559779

-2001181 -555037
-2001268 -555004
-2001068 -555059
-2001068 -555059
-2001208 -555048
-2001268 -555004

-1922941 -595382
-1923822 -595142
-1923442 -595218
-1923442 -595218
-1921560 -595786
-1921560 -595786
-1923450 -595248
-1923450 -595248
-1923822 -595142

-1927106 -594204
-1928785 -593719
-1926398 -594398
-1926398 -594398
-1926130 -594474
-1926130 -594474
-1926403 -594418
-1926403 -594418
-1928785 -593719

-1756895 -562760
-1756981 -562727
-1756807 -562769
-1756807 -562769
-1756853 -562787
-1756881 -562779
-1756948 -562760
-1756981 -562727

-1780992 -585123
-1780955 -585138
-1781032 -585123
-1781032 -585123
-1780988 -585108
-1780955 -585138

-1831598 -572613
-1832223 -572134
-1830133 -572693
-1830133 -572693
-1830260 -572712
-1830373 -572711
-1830411 -572700
-1830442 -572702
-1830464 -572706
-1830491 -572730
-1830515 -572744
-1830544 -572778
-1830566 -572782
-1830597 -572784
-1830635 -572773
-1830712 -572751
-1830738 -572733
-1830763 -572674
-1830790 -572656
-1830907 -572633
-1830931 -572647
-1830958 -572671
-1831078 -572857
-1831136 -572924
-1831136 -572924
-1831136 -572882
-1831152 -572867
-1831229 -572845
-1831271 -572812
-1831291 -572807
-1831371 -572763
-1831414 -572730
-1831471 -572714
-1831548 -572692
-1831674 -572939
-1831703 -572972
-1831703 -572972
-1831746 -572981
-1831795 -573009
-1831995 -573067
-1832069 -573078
-1832136 -573059
-1832162 -573041
-1832230 -572948
-1832294 -572878
-1832296 -572846
-1832290 -572785
-1832222 -572365
-1832214 -572294
-1832215 -572220
-1832223 -572134

-1850633 -567235
-1850735 -567195
-1850485 -567262
-1850485 -567262
-1850647 -567252
-1850695 -567238
-1850735 -567195

-1890727 -619641
-1890810 -619600
-1890647 -619644
-1890647 -619644
-1890652 -619664
-1890674 -619668
-1890695 -619673
-1890743 -619659
-1890781 -619648
-1890810 -619600

-1911112 -626463
-1911031 -626381
-1911072 -626558
-1911072 -626558
-1911117 -626535
-1911188 -626494
-1911202 -626469
-1911195 -626439
-1911156 -626408
-1911069 -626391
-1911031 -626381

-1887742 -641727
-1887744 -641647
-1887702 -641722
-1887748 -641782
-1887780 -641794
-1887780 -641794
-1887744 -641647

-1878814 -646719
-1878848 -646717
-1878824 -646703
-1878771 -646739
-1878771 -646739
-1878848 -646717

-1908064 -638915
-1908027 -638936
-1908113 -638913
-1908113 -638913
-1908058 -638896
-1908041 -638911
-1908027 -638936

-1917916 -636255
-1917786 -636306
-1918047 -636241
-1918047 -636241
-1918013 -636230
-1917979 -636218
-1917891 -636233
-1917862 -636241
-1917829 -636271
-1917786 -636306

-1871158 -765764
-1870795 -764200
-1870810 -764341
-1871532 -767418
-1871532 -767418
-1871541 -767342
-1871405 -766764
-1871380 -766667
-1871373 -766638
-1871273 -766206
-1870859 -764411
-1870795 -764200

-1872212 -770303
-1872086 -769695
-1871844 -768657
-1871831 -768608
-1871532 -767418
-1871532 -767418
-1872067 -769701
-1872067 -769701
-1872080 -769833
-1872758 -772691
-1872758 -772691
-1872637 -772068
-1872587 -771873
-1872478 -771402
-1872307 -770646
-1872086 -769695

-1872891 -773225
-1872845 -772970
-1872758 -772691
-1872758 -772691
-1872826 -772976
-1872826 -772976
-1872861 -773154
-1872881 -773273
-1872900 -773310
-1872920 -773429
-1873011 -773707
-1873011 -773707
-1872942 -773392
-1872870 -773068
-1872845 -772970

-1873257 -774816
-1873135 -774307
-1873146 -774400
-1873418 -775545
-1873418 -775545
-1873336 -775109
-1873189 -774450
-1873135 -774307

-1873537 -776008
-1873625 -776333
-1873484 -775736
-1873418 -775545
-1873418 -775545
-1873606 -776338
-1873606 -776338
-1873625 -776436
-1873625 -776436
-1873625 -776333

-1873919 -777666
-1873818 -777177
-1873646 -776515
-1873646 -776515
-1873799 -777182
-1873799 -777182
-1873827 -777331
-1874015 -778114
-1874015 -778114
-1874042 -778262
-1874157 -778711
-1874157 -778711
-1874034 -778108
-1874034 -778108
-1873818 -777177

-1874506 -780225
-1874301 -779286
-1874231 -779076
-1874231 -779076
-1874282 -779291
-1874282 -779291
-1874329 -779518
-1874339 -779599
-1874359 -779677
-1874377 -779745
-1874791 -781487
-1874791 -781487
-1874752 -781227
-1874752 -781227
-1874692 -780951
-1874579 -780503
-1874477 -780062
-1874400 -779676
-1874301 -779286

-1897176 -775289
-1896942 -775384
-1897413 -775261
-1897413 -775261
-1897294 -775233
-1897191 -775231
-1897124 -775250
-1896985 -775351
-1896942 -775384

-1875235 -783379
-1875043 -782461
-1875001 -782368
-1875001 -782368
-1875024 -782466
-1875024 -782466
-1875040 -782650
-1875069 -782725
-1875089 -782845
-1875109 -782923
-1875593 -784917
-1875593 -784917
-1875417 -784100
-1875375 -783934
-1875190 -783119
-1875125 -782824
-1875078 -782639
-1875043 -782461

-1875991 -786622
-1875965 -786535
-1876007 -786722
-1876007 -786722
-1876001 -786609
-1875965 -786535

-1876261 -787799
-1876142 -787310
-1876431 -788566
-1876431 -788566
-1876211 -787521
-1876142 -787310

-1877035 -791171
-1877118 -791474
-1876509 -788909
-1876509 -788909
-1877099 -791479
-1877099 -791479
-1877126 -791628
-1877436 -792889
-1877436 -792889
-1877177 -791750
-1877118 -791474

-1879975 -803913
-1879485 -801741
-1879251 -800731
-1879231 -800611
-1879073 -799946
-1878896 -799202
-1878848 -798987
-1878848 -798987
-1878849 -799100
-1879466 -801746
-1879466 -801746
-1879494 -801937
-1879511 -802005
-1879984 -804002
-1879984 -804002
-1880004 -804163
-1880031 -804229
-1880039 -804300
-1880063 -804356
-1880071 -804426
-1880088 -804495
-1880105 -804563
-1880285 -805316
-1880285 -805316
-1880322 -805463
-1880337 -805563
-1880356 -805599
-1880364 -805670
-1880400 -805775
-1880400 -805775
-1880418 -805926
-1880667 -806953
-1880667 -806953
-1880957 -808186
-1880957 -808186
-1881222 -809302
-1881222 -809302
-1881018 -808347
-1880976 -808181
-1880976 -808181
-1880843 -807613
-1880799 -807396
-1880686 -806947
-1880686 -806947
-1880612 -806613
-1880550 -806328
-1880432 -805860
-1880419 -805769
-1880419 -805769
-1880383 -805623
-1880345 -805435
-1880313 -805308
-1880313 -805308
-1880126 -804526
-1880111 -804426
-1880003 -803997
-1880003 -803997
-1879934 -803682
-1879825 -803211
-1879789 -803065
-1879692 -802643
-1879596 -802221
-1879485 -801741

-1833421 -816723
-1833213 -815798
-1832600 -813122
-1832600 -813122
-1833201 -815833
-1833201 -815833
-1834462 -821206
-1834462 -821206
-1833213 -815798

-1885132 -818152
-1887341 -817570
-1885327 -818080
-1883844 -818463
-1883400 -818577
-1883363 -818587
-1883363 -818587
-1883372 -818626
-1883489 -818604
-1887346 -817589
-1887346 -817589
-1887525 -817522
-1887525 -817522
-1887341 -817570

-1898460 -814697
-1897287 -814993
-1897408 -814985
-1900685 -814112
-1900685 -814112
-1897287 -814993

-1905279 -812936
-1901359 -813937
-1901441 -813940
-1906701 -812593
-1906782 -812550
-1906902 -812537
-1906938 -812516
-1907178 -812449
-1907844 -812284
-1910205 -811642
-1910205 -811642
-1901359 -813937

-1924383 -807914
-1924333 -807933
-1924449 -807903
-1924449 -807903
-1924367 -807905
-1924333 -807933

-1609557 -1073966
-1610230 -1070348
-1609927 -1069096
-1609927 -1069096
-1609914 -1069213
-1609911 -1069369
-1609932 -1069457
-1609938 -1069651
-1609926 -1069686
-1609910 -1070041
-1609919 -1070122
-1609938 -1070199
-1609963 -1070347
-1609982 -1070466
-1609981 -1070632
-1609969 -1070666
-1609947 -1070744
-1609923 -1070772
-1609867 -1070880
-1609823 -1071036
-1609798 -1071187
-1609741 -1071419
-1609697 -1071576
-1609639 -1071633
-1609547 -1071761
-1609142 -1072840
-1609018 -1073090
-1608982 -1073152
-1608870 -1073368
-1608802 -1073469
-1608766 -1073530
-1608686 -1073624
-1608652 -1073695
-1608584 -1073795
-1608574 -1073839
-1608507 -1073940
-1608477 -1074031
-1608477 -1074031
-1608459 -1074253
-1608447 -1074328
-1608434 -1074445
-1608460 -1074552
-1608460 -1074552
-1608479 -1074630
-1608444 -1074742
-1608398 -1074806
-1608374 -1074916
-1608284 -1075054
-1608284 -1075054
-1608384 -1075172
-1608537 -1075296
-1608607 -1075329
-1608700 -1075376
-1608693 -1075430
-1608608 -1075504
-1608669 -1075757
-1608722 -1075763
-1608831 -1075703
-1608791 -1075456
-1608820 -1075406
-1608888 -1075388
-1609037 -1075411
-1609037 -1075411
-1609220 -1075320
-1609318 -1075304
-1609318 -1075304
-1609484 -1075270
-1609484 -1075270
-1609744 -1075201
-1609982 -1075210
-1610057 -1075221
-1610150 -1075310
-1610169 -1075387
-1610306 -1075361
-1610328 -1075324
-1610373 -1075301
-1610479 -1075356
-1610582 -1075401
-1610707 -1075409
-1611198 -1075278
-1611410 -1075180
-1611410 -1075180
-1611339 -1074930
-1611339 -1074930
-1611298 -1074972
-1611238 -1074977
-1611084 -1074894
-1611039 -1074834
-1610968 -1074750
-1610927 -1074751
-1610886 -1074793
-1610841 -1074949
-1610807 -1075020
-1610786 -1075057
-1610752 -1075087
-1610658 -1075039
-1610649 -1074959
-1610718 -1074734
-1610718 -1074651
-1610731 -1074451
-1610703 -1074376
-1610657 -1074399
-1610614 -1074431
-1610587 -1074407
-1610552 -1074262
-1610512 -1074221
-1610471 -1074221
-1610432 -1074273
-1610412 -1074485
-1610315 -1074552
-1610281 -1074541
-1610234 -1074429
-1610197 -1074108
-1610154 -1074099
-1610128 -1074117
-1610060 -1074259
-1610016 -1074333
-1609911 -1074536
-1609880 -1074576
-1609846 -1074564
-1609818 -1074530
-1609821 -1074416
-1609824 -1074260
-1609815 -1074221
-1609791 -1074165
-1609745 -1074147
-1609637 -1074124
-1609742 -1073920
-1609704 -1073889
-1609605 -1073905
-1609512 -1073858
-1609473 -1073868
-1609359 -1073991
-1609290 -1074000
-1609249 -1074000
-1609172 -1073979
-1609155 -1074077
-1609161 -1074148
-1609128 -1074177
-1609029 -1074152
-1608955 -1074058
-1608946 -1073978
-1608956 -1073934
-1609026 -1073843
-1609116 -1073746
-1609140 -1073719
-1609195 -1073653
-1609210 -1073628
-1609316 -1073517
-1609542 -1073178
-1609586 -1073063
-1609622 -1073001
-1609632 -1072916
-1609626 -1072721
-1609643 -1072665
-1609720 -1072645
-1609754 -1072615
-1609766 -1072581
-1609758 -1072293
-1609782 -1072225
-1609782 -1072225
-1609788 -1072161
-1609800 -1072086
-1609813 -1071969
-1609804 -1071847
-1609752 -1071716
-1609847 -1071474
-1609881 -1071320
-1609906 -1071086
-1609975 -1070902
-1610043 -1070760
-1610067 -1070733
-1610167 -1070551
-1610167 -1070551
-1610162 -1070491
-1610186 -1070463
-1610230 -1070348

-1610519 -1071570
-1610559 -1071707
-1610390 -1071008
-1610390 -1071008
-1610542 -1071722
-1610542 -1071722
-1610625 -1071979
-1610625 -1071979
-1610559 -1071707

-1657917 -1062843
-1657819 -1062466
-1657878 -1062709
-1657878 -1062709
-1658033 -1063350
-1658033 -1063350
-1657900 -1062714
-1657900 -1062714
-1657819 -1062466

-1658465 -1065087
-1658333 -1064584
-1658486 -1065216
-1658486 -1065216
-1658544 -1065458
-1658544 -1065458
-1658517 -1065217
-1658517 -1065217
-1658333 -1064584

-1664225 -1066578
-1665016 -1066359
-1664718 -1066439
-1664718 -1066439
-1662937 -1066917
-1662937 -1066917
-1664723 -1066458
-1664723 -1066458
-1665016 -1066359

-1712744 -1069261
-1712856 -1069230
-1712447 -1069319
-1712447 -1069319
-1712163 -1069417
-1712163 -1069417
-1712452 -1069339
-1712452 -1069339
-1712861 -1069249
-1712861 -1069249
-1713453 -1069069
-1713453 -1069069
-1712856 -1069230

-1684567 -1076860
-1684886 -1076781
-1684506 -1076862
-1684506 -1076862
-1684309 -1076936
-1684309 -1076936
-1684530 -1076877
-1684530 -1076877
-1684886 -1076781

-1681855 -1077599
-1682135 -1077531
-1681861 -1077584
-1681861 -1077584
-1681567 -1077683
-1681567 -1077683
-1681866 -1077603
-1681866 -1077603
-1682135 -1077531

-1616004 -1095290
-1616263 -1095231
-1616256 -1095202
-1616256 -1095202
-1615493 -1095436
-1615493 -1095436
-1616263 -1095231

-1613492 -1095980
-1614164 -1095791
-1613528 -1095960
-1613528 -1095960
-1613326 -1096014
-1613326 -1096014
-1612739 -1096171
-1612739 -1096171
-1613331 -1096034
-1613331 -1096034
-1613535 -1095989
-1613535 -1095989
-1614164 -1095791

-1569905 -1107618
-1570397 -1107477
-1570040 -1107572
-1570040 -1107572
-1569270 -1107776
-1569270 -1107776
-1570047 -1107601
-1570047 -1107601
-1570397 -1107477

-1706913 -1083987
-1707643 -1083797
-1706685 -1084034
-1706685 -1084034
-1706411 -1084129
-1706411 -1084129
-1706699 -1084051
-1706699 -1084051
-1707643 -1083797

-1692077 -1087994
-1692291 -1087947
-1692053 -1087979
-1692053 -1087979
-1691886 -1088055
-1691886 -1088055
-1692040 -1088014
-1692040 -1088014
-1692291 -1087947

-1651923 -1098793
-1652393 -1098674
-1652110 -1098729
-1652110 -1098729
-1651267 -1098975
-1651267 -1098975
-1652105 -1098751
-1652105 -1098751
-1652393 -1098674

-1644131 -1100883
-1645058 -1100646
-1644839 -1100673
-1644839 -1100673
-1642496 -1101330
-1642496 -1101330
-1644826 -1100707
-1644826 -1100707
-1645058 -1100646

-1626735 -1138805
-1626673 -1138388
-1626657 -1138362
-1626657 -1138362
-1626297 -1138488
-1626297 -1138488
-1626654 -1138393
-1626654 -1138393
-1627078 -1140036
-1627078 -1140036
-1626673 -1138388

-1646131 -1134000
-1646855 -1132997
-1646768 -1133020
-1646768 -1133020
-1646633 -1133056
-1646633 -1133056
-1646641 -1133261
-1646648 -1133331
-1646637 -1133458
-1646481 -1133490
-1646418 -1133486
-1646392 -1133121
-1646392 -1133121
-1646113 -1133195
-1646113 -1133195
-1646129 -1133563
-1646112 -1133619
-1645840 -1133681
-1645681 -1133703
-1645486 -1133744
-1645421 -1133731
-1645350 -1133605
-1645262 -1133453
-1645262 -1133453
-1645111 -1133462
-1645111 -1133462
-1644696 -1133572
-1644696 -1133572
-1644703 -1133601
-1644773 -1133635
-1644883 -1133667
-1644912 -1133701
-1644892 -1133789
-1644854 -1133974
-1644960 -1133988
-1645045 -1134172
-1645088 -1134264
-1645196 -1134245
-1645416 -1134393
-1645505 -1134421
-1645594 -1134408
-1645673 -1134355
-1645719 -1134333
-1645776 -1134400
-1645786 -1134439
-1645858 -1134657
-1645922 -1134878
-1646319 -1134783
-1646319 -1134783
-1646430 -1134691
-1646466 -1134671
-1646774 -1134630
-1646774 -1134630
-1646808 -1134601
-1646821 -1134566
-1646903 -1134441
-1646955 -1134355
-1647042 -1134249
-1647119 -1134187
-1647119 -1134187
-1647187 -1134086
-1647224 -1134067
-1647309 -1133951
-1647381 -1133869
-1647381 -1133869
-1647447 -1133759
-1647404 -1133708
-1647351 -1133702
-1647150 -1133673
-1647102 -1133686
-1646918 -1133859
-1646877 -1133859
-1646784 -1133770
-1646708 -1133625
-1646692 -1133557
-1646746 -1133398
-1646780 -1133369
-1646841 -1133156
-1646918 -1133177
-1646959 -1133176
-1646964 -1133113
-1646855 -1132997

-1645495 -1133370
-1646113 -1133195
-1645246 -1133426
-1645246 -1133426
-1645111 -1133462
-1645111 -1133462
-1645262 -1133453
-1645262 -1133453
-1646113 -1133195

-1610715 -1142647
-1611075 -1142541
-1610613 -1142664
-1610613 -1142664
-1610439 -1142710
-1610439 -1142710
-1610629 -1142690
-1610629 -1142690
-1611075 -1142541

-1635075 -1136742
-1635317 -1136348
-1635271 -1136329
-1635223 -1136301
-1635223 -1136301
-1635174 -1136438
-1635166 -1136533
-1635144 -1136570
-1635076 -1136629
-1634580 -1136823
-1634519 -1136870
-1634478 -1136953
-1634494 -1136980
-1634564 -1137013
-1634703 -1136997
-1634843 -1136980
-1635050 -1136904
-1635267 -1136826
-1635455 -1136797
-1635520 -1136769
-1635554 -1136698
-1635580 -1136505
-1635464 -1136536
-1635375 -1136549
-1635279 -1136534
-1635260 -1136456
-1635317 -1136348

-1674767 -1132552
-1674943 -1133256
-1674400 -1130992
-1674400 -1130992
-1674928 -1133281
-1674928 -1133281
-1674973 -1133382
-1674973 -1133382
-1674943 -1133256

-1655354 -1143362
-1654858 -1140050
-1654733 -1140042
-1654644 -1140055
-1654530 -1140137
-1654530 -1140137
-1654474 -1140287
-1654473 -1140328
-1654503 -1140496
-1654493 -1140581
-1654433 -1140587
-1654371 -1140458
-1654340 -1140415
-1654254 -1140397
-1654215 -1140448
-1654183 -1140529
-1654161 -1140607
-1654000 -1140619
-1653872 -1140684
-1653720 -1140735
-1653720 -1140735
-1653708 -1140770
-1653546 -1140823
-1653520 -1140840
-1653543 -1140896
-1653593 -1141017
-1653547 -1141040
-1653434 -1141080
-1653433 -1141122
-1653480 -1141274
-1653480 -1141274
-1653641 -1141262
-1653700 -1141464
-1653740 -1141505
-1653898 -1141566
-1653898 -1141566
-1653987 -1141553
-1654500 -1141426
-1654512 -1141475
-1654535 -1141572
-1654576 -1141613
-1654734 -1141674
-1654894 -1142386
-1654869 -1142454
-1654791 -1142599
-1654791 -1142640
-1654791 -1142640
-1654843 -1142688
-1654811 -1142769
-1654726 -1142885
-1654714 -1142960
-1654790 -1143064
-1654797 -1143093
-1654681 -1143124
-1654638 -1143115
-1654577 -1143162
-1654548 -1143253
-1654595 -1143405
-1654595 -1143405
-1654710 -1143457
-1654812 -1143544
-1654837 -1143733
-1654848 -1143823
-1654820 -1144006
-1654792 -1144190
-1654772 -1144277
-1654724 -1144332
-1654683 -1144332
-1654620 -1144370
-1654459 -1144723
-1654405 -1144757
-1654253 -1144633
-1654203 -1144553
-1654203 -1144553
-1654157 -1144617
-1654000 -1144648
-1653952 -1144620
-1653992 -1144485
-1654026 -1144414
-1654118 -1144111
-1654135 -1144013
-1654174 -1143920
-1654139 -1143816
-1654147 -1143762
-1654244 -1143612
-1654293 -1143599
-1654363 -1143467
-1654437 -1143303
-1654455 -1143122
-1654558 -1142909
-1654695 -1142625
-1654695 -1142625
-1654582 -1142582
-1654681 -1141926
-1654598 -1141876
-1654461 -1141860
-1654372 -1141874
-1654152 -1141943
-1654024 -1142008
-1653906 -1142070
-1653894 -1142104
-1653924 -1142231
-1653880 -1142304
-1653795 -1142378
-1653713 -1142462
-1653713 -1142462
-1653705 -1142599
-1653675 -1142689
-1653655 -1142736
-1653540 -1142808
-1653249 -1143009
-1653219 -1142925
-1653210 -1142844
-1653210 -1142844
-1653068 -1142893
-1653058 -1142937
-1653037 -1143107
-1652589 -1143206
-1652589 -1143206
-1652682 -1143594
-1652682 -1143594
-1653407 -1143370
-1653454 -1143265
-1653500 -1143201
-1653531 -1143203
-1653576 -1143305
-1653576 -1143346
-1653626 -1143426
-1653666 -1143467
-1653758 -1143463
-1653881 -1143420
-1653887 -1143532
-1653859 -1143674
-1653871 -1143764
-1653903 -1143899
-1653828 -1144013
-1653777 -1144057
-1653779 -1144108
-1653855 -1144470
-1653831 -1144497
-1653604 -1144537
-1653463 -1144544
-1653337 -1144019
-1653261 -1143957
-1653073 -1143945
-1652811 -1144004
-1652780 -1144002
-1652780 -1144002
-1653369 -1146469
-1653369 -1146469
-1653596 -1146430
-1653733 -1146445
-1653783 -1146442
-1653812 -1146393
-1653808 -1146332
-1653855 -1146144
-1653870 -1146119
-1653976 -1146091
-1654022 -1146110
-1654114 -1146323
-1654115 -1146415
-1654127 -1146464
-1654368 -1146617
-1654397 -1146908
-1654389 -1146962
-1654276 -1147003
-1654282 -1147197
-1654343 -1147667
-1654343 -1147667
-1654347 -1147728
-1654366 -1147764
-1654425 -1147882
-1654475 -1147962
-1654503 -1147996
-1654401 -1148126
-1654372 -1148217
-1654366 -1148280
-1654486 -1148310
-1654549 -1148273
-1654653 -1148152
-1654690 -1148132
-1654831 -1148167
-1654870 -1148157
-1654914 -1148083
-1654893 -1147954
-1654893 -1147954
-1654780 -1147912
-1654580 -1147717
-1654529 -1147545
-1654525 -1147401
-1654567 -1147318
-1654601 -1147288
-1654709 -1147270
-1654735 -1147294
-1654764 -1147327
-1654800 -1147349
-1654830 -1147392
-1654888 -1147418
-1654938 -1147415
-1655003 -1147429
-1655012 -1147468
-1655024 -1147516
-1655024 -1147516
-1655115 -1147513
-1655290 -1147683
-1655436 -1147696
-1655436 -1147696
-1655495 -1147556
-1655601 -1147569
-1656032 -1147702
-1656097 -1147758
-1656152 -1147774
-1656320 -1147750
-1656320 -1147750
-1656273 -1147638
-1656231 -1147505
-1656218 -1147322
-1656267 -1147268
-1656320 -1147192
-1656123 -1147224
-1656085 -1147193
-1656078 -1147122
-1656061 -1147096
-1655828 -1147065
-1655795 -1147011
-1655808 -1146977
-1656085 -1146893
-1656176 -1146848
-1656120 -1146656
-1656075 -1146379
-1656098 -1146135
-1656133 -1146064
-1656383 -1145997
-1656383 -1145997
-1656365 -1145878
-1656363 -1145827
-1656418 -1145802
-1656558 -1145744
-1656558 -1145744
-1656252 -1145578
-1656216 -1145515
-1656203 -1145457
-1656278 -1145385
-1656234 -1145376
-1656079 -1145324
-1656038 -1145283
-1656027 -1145235
-1656027 -1145235
-1656027 -1145152
-1656097 -1145144
-1656343 -1145058
-1656313 -1144890
-1656436 -1144847
-1656617 -1144788
-1656783 -1144713
-1656868 -1144597
-1656850 -1144437
-1656928 -1144375
-1656763 -1144285
-1656535 -1144232
-1656512 -1144052
-1656512 -1144052
-1656510 -1144001
-1656574 -1143880
-1656586 -1143846
-1656462 -1143797
-1656443 -1143760
-1656433 -1143722
-1656475 -1143680
-1656624 -1143660
-1656771 -1143632
-1656764 -1143561
-1656730 -1143333
-1656695 -1143146
-1656956 -1143076
-1657045 -1143063
-1657090 -1143040
-1657090 -1143040
-1657074 -1142972
-1657066 -1142851
-1657114 -1142838
-1657302 -1142767
-1657298 -1142706
-1657255 -1142573
-1657206 -1142493
-1657141 -1142438
-1657021 -1142366
-1656972 -1142287
-1656903 -1141830
-1656892 -1141740
-1656908 -1141591
-1656945 -1141488
-1656945 -1141488
-1656884 -1141494
-1656847 -1141338
-1656912 -1141311
-1657136 -1141261
-1657136 -1141261
-1657045 -1140965
-1657045 -1140965
-1656958 -1140988
-1656881 -1141009
-1656818 -1140830
-1656719 -1140846
-1656615 -1140883
-1656641 -1141032
-1656631 -1141076
-1656559 -1141074
-1656547 -1141026
-1656487 -1140949
-1656356 -1140911
-1656334 -1140865
-1656343 -1140729
-1656620 -1140645
-1656563 -1140494
-1656561 -1140443
-1656725 -1140400
-1656793 -1140382
-1656857 -1140395
-1656958 -1140431
-1656963 -1140367
-1657053 -1140312
-1657221 -1140288
-1657309 -1140482
-1657363 -1140622
-1657363 -1140622
-1657625 -1140563
-1657625 -1140563
-1657633 -1140468
-1657873 -1140486
-1657963 -1140473
-1658032 -1140465
-1658075 -1140474
-1658014 -1140687
-1657982 -1140767
-1657964 -1140865
-1658051 -1140883
-1658051 -1140883
-1658323 -1140821
-1658433 -1140854
-1658433 -1140854
-1658667 -1140761
-1658653 -1140661
-1658837 -1140571
-1658972 -1140535
-1659049 -1140514
-1659049 -1140514
-1658577 -1140340
-1658311 -1140173
-1658103 -1139991
-1658029 -1139938
-1657972 -1139871
-1657911 -1139743
-1657880 -1139658
-1657784 -1139425
-1657784 -1139425
-1657550 -1139477
-1657466 -1139510
-1657417 -1139564
-1657356 -1139736
-1657105 -1139802
-1657049 -1139869
-1657049 -1139869
-1657032 -1139925
-1657049 -1139952
-1657070 -1139998
-1656891 -1140107
-1656787 -1140187
-1656710 -1140249
-1656618 -1140335
-1656400 -1140497
-1656262 -1140606
-1656159 -1140860
-1656071 -1140966
-1655967 -1141046
-1655751 -1141341
-1655679 -1141381
-1655577 -1141470
-1655458 -1141615
-1655443 -1141681
-1655440 -1141755
-1655430 -1141799
-1655363 -1141816
-1655276 -1141798
-1655197 -1141768
-1655123 -1141715
-1655054 -1141599
-1655057 -1141526
-1655174 -1141412
-1655198 -1141385
-1655148 -1141305
-1655160 -1141271
-1655398 -1141321
-1655468 -1141230
-1655502 -1141201
-1655581 -1141231
-1655665 -1141240
-1655745 -1141188
-1656181 -1140565
-1656280 -1140467
-1656432 -1140374
-1656773 -1140087
-1656846 -1140006
-1656849 -1139974
-1656725 -1139842
-1656756 -1139802
-1656841 -1139770
-1657002 -1139799
-1657002 -1139799
-1657191 -1139563
-1657230 -1139469
-1657209 -1139423
-1657063 -1139070
-1657015 -1139083
-1656880 -1139119
-1656588 -1139186
-1656586 -1139135
-1656563 -1139038
-1656488 -1138810
-1656409 -1138820
-1656223 -1138860
-1656146 -1138880
-1656160 -1138938
-1656172 -1138987
-1656193 -1139074
-1656216 -1139213
-1656184 -1139252
-1656114 -1139302
-1655967 -1139372
-1655967 -1139372
-1655973 -1139484
-1656006 -1139620
-1656028 -1139759
-1655980 -1139813
-1655999 -1139891
-1655984 -1139957
-1655576 -1140138
-1655534 -1139963
-1655566 -1139923
-1655648 -1139881
-1655648 -1139881
-1655610 -1139767
-1655582 -1139733
-1655490 -1139820
-1655305 -1139993
-1655305 -1140292
-1655329 -1140348
-1655275 -1140466
-1655244 -1140505
-1655113 -1140560
-1655003 -1140869
-1654920 -1140994
-1654910 -1141038
-1654921 -1141128
-1654961 -1141210
-1654930 -1141250
-1654877 -1141285
-1654784 -1141154
-1654717 -1141090
-1654514 -1140885
-1654621 -1140733
-1654704 -1140690
-1654865 -1140637
-1654875 -1140593
-1654814 -1140465
-1654867 -1140388
-1654889 -1140352
-1654868 -1140306
-1654808 -1140270
-1654792 -1140202
-1654858 -1140050

-1651981 -1140734
-1652026 -1140897
-1651852 -1140169
-1651852 -1140169
-1652009 -1140912
-1652009 -1140912
-1652081 -1141120
-1652081 -1141120
-1652026 -1140897

-1650135 -1153640
-1650335 -1153546
-1650155 -1153563
-1650117 -1153491
-1650018 -1153507
-1650001 -1153862
-1650001 -1153862
-1650047 -1153757
-1650129 -1153756
-1650237 -1153737
-1650335 -1153546

-1657711 -1164626
-1658018 -1165859
-1656971 -1161511
-1656971 -1161511
-1657989 -1165867
-1657989 -1165867
-1658171 -1166500
-1658171 -1166500
-1658018 -1165859

-1865310 -905561
-1866974 -903918
-1867022 -903822
-1867168 -903625
-1867246 -903405
-1867268 -903326
-1867246 -903280
-1867191 -903264
-1867136 -903373
-1867136 -903373
-1867081 -903524
-1866947 -903728
-1866880 -903830
-1866844 -903892
-1866672 -904065
-1866566 -904177
-1866535 -904259
-1866325 -904442
-1866282 -904517
-1866203 -904695
-1866148 -904762
-1866006 -904812
-1865968 -904864
-1865990 -904952
-1865983 -905047
-1865834 -905193
-1865753 -905236
-1865664 -905209
-1865549 -905241
-1865465 -905233
-1865277 -905180
-1865236 -905181
-1865114 -905225
-1865066 -905280
-1864961 -905393
-1864791 -905617
-1864746 -905682
-1864690 -905749
-1864532 -905856
-1864391 -905947
-1864237 -906073
-1864183 -906182
-1864132 -906227
-1864065 -906329
-1863914 -906464
-1863682 -906768
-1863682 -906768
-1864994 -906436
-1864994 -906436
-1865006 -906318
-1864996 -906279
-1864958 -906206
-1864941 -906138
-1864948 -906042
-1864960 -906008
-1865013 -906014
-1865061 -906042
-1865131 -906159
-1865131 -906159
-1865198 -906140
-1865265 -906080
-1865356 -906034
-1865356 -906034
-1865533 -905880
-1865596 -905842
-1865699 -905720
-1865746 -905665
-1865801 -905473
-1865866 -905403
-1865909 -905412
-1865969 -905447
-1865969 -905447
-1866036 -905428
-1866079 -905396
-1866134 -905287
-1866225 -905032
-1866371 -904877
-1866443 -904795
-1866498 -904686
-1866527 -904594
-1866527 -904594
-1866509 -904443
-1866588 -904348
-1866706 -904243
-1866775 -904192
-1866917 -904059
-1866974 -903918

-1846261 -929465
-1846356 -929420
-1845571 -929647
-1845571 -929647
-1846354 -929452
-1846354 -929452
-1846855 -929324
-1846855 -929324
-1846356 -929420

-1945734 -461234
-1945864 -461207
-1945665 -461233
-1945673 -461262
-1945673 -461262
-1945864 -461207

-1948580 -460449
-1948648 -460417
-1948448 -460475
-1948448 -460475
-1948618 -460458
-1948647 -460449
-1948648 -460417

-1922118 -478618
-1922096 -478586
-1922119 -478673
-1922119 -478673
-1922139 -478594
-1922096 -478586

-1923306 -483274
-1923328 -483330
-1923223 -482931
-1923223 -482931
-1923309 -483336
-1923309 -483336
-1923387 -483555
-1923387 -483555
-1923328 -483330

-1793306 -238789
-1793345 -238990
-1793446 -238908
-1793480 -238845
-1793452 -238780
-1793418 -238769
-1793357 -238734
-1793321 -238713
-1793295 -238658
-1793320 -238598
-1793349 -238516
-1793182 -238543
-1793190 -238573
-1793214 -238660
-1793222 -238689
-1793223 -238731
-1793191 -238877
-1793200 -238948
-1793264 -238992
-1793345 -238990

-1718348 -520460
-1721782 -519416
-1717275 -520775
-1717275 -520775
-1715986 -521181
-1715986 -521181
-1717280 -520794
-1717280 -520794
-1721782 -519416

