-1666887 -194463
-1667038 -194451
-1667004 -194366
-1666938 -194312
-1666808 -194287
-1666704 -194285
-1666666 -194370
-1666554 -194486
-1666408 -194591
-1666372 -194644
-1666344 -194767
-1666278 -194901
-1666221 -194991
-1666190 -195105
-1666246 -195194
-1666302 -195251
-1666480 -195262
-1666480 -195262
-1666573 -195225
-1666635 -195228
-1666708 -195270
-1666708 -195270
-1666789 -195226
-1666861 -195226
-1666893 -195195
-1666796 -194878
-1666801 -194823
-1666874 -194677
-1667002 -194545
-1667038 -194451

-1666131 -199630
-1666259 -199834
-1666296 -199781
-1666340 -199716
-1666369 -199635
-1666286 -199407
-1666222 -199363
-1666069 -199365
-1665955 -199440
-1665908 -199453
-1665897 -199415
-1665827 -199382
-1665752 -199446
-1665652 -199569
-1665499 -199687
-1665349 -199814
-1665325 -199874
-1665366 -199987
-1665416 -200057
-1665553 -200070
-1665660 -200122
-1665763 -200198
-1665763 -200198
-1665865 -200158
-1665902 -200105
-1666026 -200069
-1666195 -199936
-1666259 -199834

-1700411 -601393
-1700220 -601802
-1700516 -601520
-1700653 -601377
-1700630 -601290
-1700595 -601195
-1700536 -601087
-1700488 -601058
-1700440 -601072
-1700204 -601190
-1700078 -601299
-1700022 -601356
-1700008 -601423
-1700011 -601474
-1700081 -601705
-1700145 -601791
-1700220 -601802

-1708713 -606637
-1708571 -606844
-1708674 -606804
-1708786 -606762
-1708980 -606677
-1709013 -606647
-1709022 -606602
-1709002 -606525
-1708714 -606365
-1708651 -606362
-1708377 -606450
-1708341 -606470
-1708317 -606498
-1708316 -606613
-1708400 -606777
-1708454 -606866
-1708571 -606844

-1704345 -616013
-1704176 -616269
-1704290 -616237
-1704474 -616112
-1704567 -616076
-1704583 -616019
-1704509 -615695
-1704503 -615634
-1704438 -615580
-1704419 -615585
-1704300 -615681
-1704114 -615796
-1704047 -615815
-1703870 -615843
-1703832 -615896
-1703874 -615978
-1703950 -616071
-1703960 -616110
-1703977 -616137
-1704045 -616160
-1704176 -616269

-1704107 -568508
-1704314 -568909
-1704360 -568886
-1704400 -568843
-1704440 -568801
-1704460 -568680
-1704455 -568348
-1704433 -568302
-1704379 -568254
-1704338 -568255
-1704231 -568317
-1704167 -568387
-1704062 -568416
-1703944 -568397
-1703682 -568336
-1703646 -568356
-1703662 -568456
-1703715 -568619
-1703768 -568666
-1703867 -568649
-1703917 -568645
-1704030 -568645
-1704061 -568688
-1704131 -568836
-1704163 -568879
-1704207 -568929
-1704314 -568909

-1825084 -150359
-1825739 -154289
-1825929 -154234
-1826054 -154166
-1826149 -154065
-1826217 -153940
-1826251 -153804
-1826311 -153461
-1826326 -153330
-1826382 -153198
-1826475 -153087
-1826656 -152887
-1826724 -152762
-1826771 -152486
-1826815 -152273
-1826873 -152151
-1826954 -152033
-1827135 -151833
-1827191 -151701
-1827215 -151568
-1827168 -151434
-1827074 -151241
-1827077 -151177
-1827077 -151103
-1827111 -151041
-1827167 -150982
-1827329 -150862
-1827421 -150751
-1827480 -150628
-1827536 -150423
-1827561 -150142
-1827555 -149934
-1827547 -149831
-1827443 -149493
-1827349 -149300
-1827175 -149004
-1826986 -148806
-1826843 -148659
-1826626 -148469
-1826556 -148364
-1826462 -148170
-1826389 -148055
-1826283 -147970
-1826015 -147743
-1825932 -147631
-1825820 -147558
-1825684 -147514
-1825424 -147463
-1825154 -147416
-1825017 -147403
-1824948 -147413
-1824815 -147451
-1824574 -147584
-1824462 -147659
-1824282 -147754
-1824141 -147763
-1824073 -147741
-1824019 -147694
-1823899 -147518
-1823854 -147468
-1823786 -147446
-1823510 -147411
-1822704 -147246
-1822639 -147233
-1822509 -147282
-1822378 -147330
-1822268 -147415
-1822222 -147470
-1822154 -147595
-1822129 -147655
-1822048 -148068
-1821975 -148173
-1821852 -148251
-1821676 -148355
-1821627 -148401
-1821583 -148466
-1821571 -148533
-1821568 -148597
-1821586 -148738
-1821662 -148937
-1821697 -149064
-1821693 -149160
-1821616 -149255
-1821582 -149318
-1821524 -149366
-1821396 -149425
-1821234 -149545
-1821139 -149647
-1821080 -149769
-1821061 -149848
-1821055 -149976
-1821084 -150115
-1821169 -150237
-1821357 -150435
-1821411 -150556
-1821420 -150627
-1821386 -150763
-1821330 -150895
-1821305 -151028
-1821312 -151163
-1821368 -151294
-1821444 -151419
-1821578 -151569
-1821606 -151634
-1821615 -151705
-1821605 -151855
-1821547 -152051
-1821476 -152240
-1821454 -152309
-1821451 -152447
-1821479 -152586
-1821507 -152651
-1821545 -152714
-1821606 -152749
-1821680 -152758
-1821747 -152739
-1822112 -152538
-1822203 -152533
-1822245 -152573
-1822302 -152777
-1822327 -152980
-1822352 -153330
-1822361 -153401
-1822411 -153471
-1822501 -153424
-1822587 -153252
-1822762 -153032
-1823116 -152603
-1823243 -152356
-1823358 -152102
-1823426 -151830
-1823498 -151493
-1823554 -151362
-1823623 -151278
-1823652 -151270
-1823737 -151392
-1824114 -151976
-1824177 -152095
-1824224 -152302
-1824240 -152581
-1824196 -152794
-1824100 -153042
-1823798 -153509
-1823588 -153791
-1823422 -154007
-1823329 -154192
-1823344 -154282
-1823428 -154289
-1823871 -154108
-1824004 -154069
-1824142 -154050
-1824278 -154094
-1824339 -154129
-1824438 -154227
-1824593 -154455
-1824658 -154541
-1824733 -154551
-1824855 -154473
-1824928 -154368
-1825021 -154257
-1825136 -154191
-1825200 -154162
-1825272 -154162
-1825337 -154175
-1825602 -154277
-1825739 -154289

-1875773 -156235
-1873985 -155336
-1873929 -155321
-1873870 -155254
-1873832 -155191
-1873832 -155191
-1873710 -155121
-1873550 -154989
-1873438 -154917
-1873303 -154872
-1873231 -154872
-1873164 -154891
-1873100 -154921
-1873051 -154966
-1873008 -155032
-1872978 -155146
-1872961 -155456
-1872939 -155525
-1872846 -155710
-1872830 -155799
-1872829 -155873
-1872874 -155996
-1872972 -156094
-1873036 -156139
-1873162 -156186
-1873483 -156271
-1873551 -156293
-1873659 -156388
-1873731 -156462
-1873731 -156462
-1873769 -156525
-1873769 -156525
-1873988 -156724
-1874050 -156727
-1874315 -156681
-1874703 -156526
-1874775 -156526
-1874836 -156561
-1874921 -156683
-1874968 -156817
-1875053 -157160
-1875109 -157291
-1875220 -157469
-1875325 -157554
-1875465 -157724
-1875591 -157960
-1875639 -158020
-1875683 -158070
-1875751 -158093
-1875884 -158128
-1876087 -158121
-1876223 -158092
-1876341 -158036
-1876449 -157942
-1876546 -157850
-1876627 -157732
-1876741 -157478
-1876767 -157197
-1876757 -157126
-1876701 -156995
-1876606 -156802
-1876435 -156589
-1876291 -156441
-1876191 -156376
-1876191 -156376
-1876041 -156315
-1875935 -156230
-1875874 -156195
-1875827 -156135
-1875827 -156135
-1875784 -156053
-1875746 -155917
-1875677 -155852
-1875624 -155847
-1875369 -155963
-1875285 -155956
-1875239 -155938
-1875138 -155831
-1875017 -155656
-1874966 -155618
-1874898 -155596
-1874689 -155583
-1874486 -155590
-1874215 -155574
-1874144 -155542
-1874100 -155492
-1874017 -155379
-1873985 -155336

-1873414 -159742
-1873795 -159820
-1873750 -159917
-1873702 -159931
-1873615 -159914
-1873552 -159870
-1873526 -159814
-1873498 -159749
-1873489 -159678
-1873489 -159678
-1873411 -159658
-1873352 -159665
-1873080 -159723
-1872943 -159711
-1872754 -159619
-1872689 -159606
-1872348 -159600
-1872220 -159543
-1872053 -159423
-1871927 -159376
-1871668 -159293
-1871534 -159290
-1871396 -159310
-1871328 -159361
-1871291 -159414
-1871266 -159473
-1871266 -159547
-1871294 -159613
-1871384 -159713
-1871614 -159877
-1871696 -159990
-1871750 -160111
-1871803 -160527
-1871822 -160595
-1871904 -160708
-1871958 -160755
-1872087 -160812
-1872210 -160850
-1872519 -161002
-1872661 -161034
-1872722 -161069
-1872743 -161105
-1872782 -161062
-1872843 -161023
-1872984 -161013
-1873179 -161051
-1873326 -161061
-1873455 -161045
-1873582 -160986
-1873604 -160917
-1873641 -160790
-1873685 -160725
-1873780 -160624
-1873841 -160585
-1873908 -160566
-1873980 -160566
-1874240 -160616
-1874513 -160600
-1874649 -160612
-1874778 -160669
-1874945 -160789
-1875041 -160877
-1875183 -161057
-1875401 -160993
-1875527 -160967
-1876050 -160814
-1876252 -160766
-1876439 -160701
-1876500 -160662
-1876544 -160597
-1876573 -160515
-1876557 -160456
-1876448 -160361
-1876017 -160024
-1875911 -159939
-1875393 -159586
-1875276 -159535
-1875209 -159513
-1875137 -159513
-1875057 -159557
-1875039 -159605
-1874983 -159737
-1874946 -159790
-1874900 -159845
-1874836 -159874
-1874700 -159903
-1874561 -159881
-1874448 -159808
-1874356 -159698
-1874230 -159651
-1874163 -159629
-1874094 -159638
-1874020 -159670
-1873876 -159817
-1873795 -159820

-1875429 -166423
-1875350 -166320
-1875331 -166399
-1875330 -166473
-1875349 -166541
-1875387 -166604
-1875441 -166651
-1875499 -166676
-1875837 -166746
-1875956 -166806
-1876010 -166853
-1876055 -166903
-1876101 -167111
-1876173 -167185
-1876219 -167203
-1876452 -167229
-1876548 -167317
-1876612 -167435
-1876659 -167569
-1876724 -167844
-1876724 -167844
-1877020 -167948
-1877094 -167957
-1877161 -167938
-1877279 -167883
-1877409 -167834
-1877470 -167795
-1877517 -167740
-1877551 -167677
-1877575 -167617
-1877610 -167408
-1877591 -167266
-1877597 -167211
-1877577 -167175
-1877508 -167111
-1877443 -167099
-1877380 -167096
-1877236 -167096
-1877111 -167048
-1877050 -167013
-1876995 -166966
-1876798 -166771
-1876231 -166389
-1876112 -166329
-1875921 -166269
-1875644 -166234
-1875572 -166234
-1875350 -166320

-1903551 -174186
-1904033 -173772
-1903943 -173820
-1903871 -173967
-1903682 -174064
-1903634 -174078
-1903523 -174047
-1903523 -174047
-1903503 -174085
-1903457 -174140
-1903395 -174179
-1903302 -174175
-1903195 -174122
-1903042 -173977
-1902930 -173904
-1902860 -173872
-1902656 -173879
-1902518 -173898
-1902451 -173918
-1902208 -174041
-1902095 -174116
-1901852 -174240
-1901592 -174337
-1901338 -174421
-1901072 -174499
-1900939 -174537
-1900801 -174557
-1900612 -174654
-1900560 -174690
-1900526 -174752
-1900509 -174841
-1900523 -174890
-1900561 -174953
-1900624 -174997
-1900936 -175085
-1900936 -175085
-1901520 -175231
-1901926 -175291
-1902128 -175317
-1902540 -175249
-1903004 -175145
-1903197 -175100
-1903599 -174993
-1904238 -174744
-1904238 -174744
-1904633 -174576
-1904677 -174510
-1904699 -174441
-1904714 -174310
-1904693 -174232
-1904613 -174129
-1904521 -174019
-1904425 -173931
-1904303 -173862
-1904069 -173793
-1904033 -173772

-1895573 -176554
-1898651 -175583
-1898610 -175511
-1898544 -175456
-1898493 -175419
-1898210 -175396
-1898071 -175415
-1897944 -175400
-1897696 -175356
-1897696 -175356
-1897522 -175470
-1897337 -175545
-1896991 -175593
-1896856 -175622
-1896725 -175671
-1896655 -175712
-1896545 -175797
-1896374 -176184
-1896291 -176292
-1896244 -176347
-1896117 -176406
-1895996 -176451
-1895927 -176461
-1895717 -176480
-1895516 -176497
-1895449 -176516
-1895407 -176549
-1895407 -176549
-1895693 -176655
-1896290 -176776
-1896552 -176868
-1896682 -176893
-1896826 -176894
-1897040 -176852
-1897106 -176833
-1897327 -176663
-1897945 -176115
-1897997 -176079
-1898092 -176051
-1898092 -176051
-1898280 -175912
-1898507 -175657
-1898651 -175583

